Owner,Ticker,Asset Name,Transaction Type,Transaction Date,Amount,Comments
